6009
139789864
67178748
702387252
265309654
655431100
963729194
672191424
547971238
816493799
807577309
172566384
75519793
471382028
507749334
494722262
614697858
507571917
641846848
494904505
909608164
903731237
374466436
966510628
488460815
427471643
148889846
528899158
88829084
30202140
875310831
309351446
169992004
795005933
11738697
287818013
450437032
827984245
960009437
850924624
644478044
767586746
23491008
719997837
91485127
383756696
67236452
706182985
891328613
709083301
53603843
653453130
465330891
428070280
472480112
806308060
855541923
473886312
187723571
796887361
504088452
63034401
106238806
674080457
710556689
970493858
961898470
13510074
798478103
774424260
864434699
295472500
394527359
740442061
867986691
486012487
124198756
935223144
192195471
868043724
496822798
245799315
374013207
962153689
673869595
846493319
620978102
381927871
172895985
808701674
31331585
676984437
724252429
137570392
203581247
434809117
108064249
17996070
448319192
759058706
792420331
165270244
907047560
186947689
905712305
775034251
672960176
29911060
562773748
717672002
750471138
59596545
963471317
124484345
874266588
489857265
823494018
495244689
724301490
996390003
156462716
755633075
673374440
880715146
893203467
876955687
168040616
853784071
894951758
616359808
465359130
539888442
781630052
224923044
726836131
539858710
999957295
252312661
422286125
415247396
969984663
172757262
474843941
785972333
149757961
201626882
128345951
973251980
696871571
852647441
969641982
853334288
460796869
495532775
586565787
206516690
225004816
754606403
60300760
972472928
223482565
378176244
512361369
5112616
603099288
91713853
397487681
455572936
196542868
819773806
870820332
19043884
992531068
198180626
805016217
142289029
399807508
785878522
968057363
949195434
491042316
790215698
655046075
951839186
138264827
241611861
158355875
363269643
996218264
71172989
188258924
72217182
301865587
700620293
77329799
904964876
644850500
327333834
213054165
841393369
147107639
936390852
860437253
992155061
134571477
517969824
986960444
386895340
303848345
955017806
188607127
794890662
597749858
843653202
599246201
736014685
85265062
757602076
99284327
933999680
681291419
140059605
6216862
983157006
840679898
936063016
740638235
338046751
115913203
953692401
179440119
263020842
742599606
39877372
107692256
729687437
410363550
94652700
116582776
714211895
902186860
157706257
361618910
499936717
1359458
960865111
88467755
939140875
570983540
40268436
725656909
104791312
180328041
584390125
87948318
21007938
372969494
828586553
211571044
488882697
634795307
391011163
751903539
229911266
283404889
859595795
959598704
693768439
806764849
928697834
260496688
708951709
86404091
474631952
61404779
87763549
288013417
149872535
879420779
858996957
190140971
605077687
963788270
370469013
41984165
904252942
243993305
414953659
585355848
455564349
903836356
72667509
699091867
508256248
302578775
982496756
220368396
262177478
528781549
27133245
43391666
641794591
588601308
129795757
116426542
650006087
70075660
404439959
652394976
949496439
115953270
842535948
407090479
932257894
65521314
449074644
836510835
162030973
864028303
274383036
617595323
620381012
347050545
169203543
128637259
649629321
4216652
349005656
911806799
532998201
228655255
955198465
27309145
817256563
937510576
143735688
319779003
7586236
400692001
972173980
809599029
516645271
667226281
69205862
301419518
732747595
370796860
137930352
894778568
87341517
264829743
364890244
707722529
611880288
534093787
836359789
261509608
538310440
37881798
25832761
923824995
266537053
833547580
951134141
83793615
771058156
94869828
256088972
631160746
348078183
228262951
293276128
864723455
895489232
214998344
18659326
480753180
585795205
9106033
228048102
673136722
273935776
445454700
380859250
885816064
979548488
69735392
147325672
370375281
107617190
25674787
146716629
226670597
859222367
97850769
162980566
482796876
45236951
419069539
966473976
393315135
499848844
112266458
110554943
247854430
327264802
129214269
728607610
913060007
138320302
809172066
586196728
412256078
254626766
819572333
150588496
86691607
889307725
150430522
309583242
849441270
176105309
456299871
928628221
887844030
554150641
91608787
223157260
451903946
363194680
189631235
845219081
863043524
301897693
808290378
110897953
629162496
937504648
692021918
394738856
928341304
353710337
980935585
193113736
608337103
653024271
343702232
547545064
394848349
494132754
857128306
96805972
670238063
313428177
25434193
410598446
720095172
969559335
633755706
171999117
185270368
823386942
869734553
48313891
977800989
678024930
11728199
459479838
468045931
556266471
854218695
248903589
909976808
687670633
442017325
370830265
340694903
785719557
918375329
735543252
279852310
628019989
832349225
802606727
941448166
710299772
213205172
514059691
679859106
846960879
686058808
865129474
522864174
408309714
765959719
353181516
86334644
630204272
812661355
406896929
38987096
666880049
655800518
801480259
207067035
97817842
24826877
547761938
736053753
943202206
135821543
15906062
423738548
820687122
671029143
217703067
530986893
884234316
731762758
63362352
583711548
270337920
781008180
959092076
678647634
399484253
312273591
617498632
29688524
124934945
24395561
921191976
644331348
532712433
722672234
851398383
483046630
747499111
251676674
71616736
543217670
240014572
87522799
966956219
60701693
611068296
37175639
444204941
347818965
768938398
507567293
931530513
39276317
141091827
743138942
717923951
540576080
55412533
187938937
422780958
32863832
64850852
343972933
529711535
597563285
919161521
233626271
933126269
519176985
337819300
4743005
62394655
577833872
944782159
881867228
638535565
555850454
919042867
82740505
903669420
540497618
442824153
687716286
579773935
583915980
283371582
150214240
124492059
191300469
338153177
399789371
76680655
403004029
743762305
606392190
853083668
515440179
692534816
786209937
34617164
30354115
643469296
949528174
608187987
588251454
683911755
99239905
996618262
455470975
34496765
752804035
995968594
329837272
293036675
428258882
913753252
576408257
578473122
890761665
767708726
769142653
143067389
844389381
24663035
886829694
303297925
877746704
254786227
995832741
516472994
289403391
26186855
159942289
91447918
486891196
600710097
775359673
438647455
597328358
230830647
473144220
202648747
79315594
802981492
495685422
507574477
569251097
72093678
86047598
312529115
839802404
707706606
455596505
536708138
732369641
194942552
840006063
610116344
449728779
835838803
126589337
591648524
714542012
139047980
683096442
53949561
739758077
458456114
492597017
189602789
541803116
818257591
392251536
621118710
473755437
887936958
128693186
43006533
812546990
67257139
208052003
504865747
774963745
516164862
41573884
359849739
711107414
881579948
969966084
13352547
569935104
949071775
605001071
136993470
940636110
140613867
43459385
532910540
599069981
536056402
722513329
140873096
206830347
967281219
614508161
680585784
707734530
743201347
576108671
520281519
662974840
784160674
25147265
290454938
152841889
919237505
650304678
863949304
653333806
472787115
729818205
75785263
274375243
187335629
212778733
215011352
327949496
256238119
747921893
927019478
644810875
322951575
920408928
851641222
142749148
387433442
532227005
850483678
130634789
108335676
223281551
646125983
745012704
100945170
936580922
897854594
20182674
586885599
614320251
673516480
59672713
196654809
749301744
186564310
383990438
814596831
401575663
711939935
70834949
2013909
491475766
568162179
177481838
264401047
419803400
320230986
651834490
804546760
170714664
634985633
765398790
393996215
281111615
362927847
494941385
70208890
113298794
367640414
657094489
727619045
41156893
569283556
924273854
642974991
755847867
160780646
310088176
9939883
872720581
233439479
11953792
364196346
801601658
41951984
628597393
73921412
362182971
132948236
878468172
532897635
767933869
643866961
779410204
49045484
6794807
126867942
119254374
120093602
494508356
628865218
700229001
388181604
50665127
477019209
31156594
659029348
637799855
193761124
668969231
363036789
427200604
533439377
727233135
228802261
575391362
208346881
302723673
937574333
341295118
33708198
322988321
109228986
677575159
102398524
10790824
536886321
81782820
982561554
509496277
576291177
463943125
62241631
964472781
367124606
391777194
848145729
26153954
29577048
41906853
547639539
245130191
469107457
81078916
972363326
550426072
508986632
33226561
853149746
299077318
227038033
886857944
474581993
188783373
416949457
429496871
52090552
806352132
511279691
34652105
168364762
87570867
351111584
230606393
52043647
718236190
622383588
752705731
596906498
504476990
794612584
144546037
749607182
116236394
78141307
574486861
666662466
439644293
460229776
372328565
738721611
687267809
111702863
65819957
876051183
381168674
495316828
928141735
187520805
6596518
815310194
355885567
94167386
18938131
439008314
998727388
737174321
61391901
603949472
186597173
418385246
251078409
331143210
20508781
367314803
261800871
447511996
886493624
701445164
907741773
111338542
292683128
595009581
223041405
358503085
323577117
604210079
853819913
251718851
644247238
860416431
67029044
132804
807100171
85967175
291657473
658343913
675657851
205565728
114809738
862255024
623950974
365888148
45914587
496976109
733202951
307715458
944488106
472212928
9160621
852229878
583551471
154360103
299755812
806592876
512863188
623332930
263319309
366683100
727568135
907566547
79615884
647113534
760215706
739232410
585597063
51873178
250092676
113771267
109955260
364902414
976026291
733906235
730790562
874457232
83398697
316509867
34689043
27886802
788722795
43849664
732633034
372274265
50726121
32388846
31383495
563589309
508238130
147219158
930272409
88322618
54785704
862404648
735436152
667517764
601637057
321033215
571907296
851729733
434804482
681862557
69148500
263347127
268285145
799939063
137804358
351683842
116448929
25009756
232086999
905171724
68859420
964720033
129962343
119585542
849625233
13862192
535691205
210379716
161081350
318479968
298702335
68383408
180884615
34138486
735901173
635038026
207688055
160324822
339284112
642492538
694703733
408432612
758356019
962988878
208371674
748676731
167189074
177336957
773686487
399276073
82508681
695062262
216512459
64987378
667164158
66137692
78849570
202855362
276517408
239930920
521335330
575219743
308314328
554736299
461874584
896731855
189774324
669562639
57056677
529058436
164571530
604276764
937491049
922927549
419781996
998379077
671604280
586971070
175716034
297807120
838763497
110741069
992869382
55275955
28244801
660033539
121413647
107094371
715405256
250447410
199541645
89256939
678183507
507855973
643993239
140058090
257104182
833767563
809620730
166677213
215342353
974192260
770953977
5349755
749636163
190735972
3728831
273756796
630223396
31961219
571563916
468986892
142702288
564433298
376779202
23463443
76983190
350709203
130557814
792388446
601156613
330099459
881645386
131856474
690471787
378154978
271914564
947575969
64438894
934051648
114253181
279781247
760760262
885207158
137647356
510396424
928459485
141376188
784153220
558682880
25853761
208233489
880186127
21072404
772666787
256965328
44535847
702166332
607674531
27610016
347071131
61347498
357709475
81232870
193203972
48181261
459387848
317634890
848273584
523826743
251686538
962526765
803607990
12446799
700250277
941255347
375359577
481226115
935147889
12029150
39908994
813518004
220262639
772611475
834590408
845445781
29576802
731642610
547612112
489767688
759252626
894683243
403631540
116962100
975916114
596835512
17659716
287820315
914470402
718449654
811647058
18673293
533492773
467771402
883636447
86259403
261543102
111512377
567485518
49207344
123541527
459910866
862725348
196320521
232522341
549832110
41766301
114615497
281474719
441894767
456899539
40727344
189094363
860531079
10205798
17526830
309882944
880381869
305347146
76869700
451347877
116994203
95542993
984840650
584765605
979179441
71100052
846308707
90691817
638585570
895516051
66749699
98496435
610757753
263070220
183535130
160589862
157352875
150666982
294580935
599247642
607566521
187824633
788342005
468097600
50546785
805868836
777980544
930928655
111215981
854850244
234792885
80726538
802909592
219633534
665492144
634605386
143249940
364317204
577813557
781835510
112349609
644563256
732848299
723107362
760149830
768899784
736213578
917502705
919566766
30794512
516750346
527133286
218619145
157608705
847747240
269165930
963477541
478244138
52610938
74693521
185610735
287403823
7936413
988520327
359553711
673428557
623125712
502803651
890262116
53455623
137155514
2611724
698018879
870003814
578235440
310685063
491419951
166965371
228187767
410986716
197759883
597454468
790636356
268895382
755063173
638383596
538061312
718540713
116627733
443188605
645750588
154754822
730592428
653687001
143275149
90146139
179631912
618917215
445466144
69894027
672372838
582621659
925022106
222908071
305141826
355773899
533593134
796561777
522739270
761780901
60064846
573015507
211751722
850701202
841910889
966814895
341601151
232488554
537871961
310745238
675677159
36138902
465500061
258785941
689825904
608775210
201448434
721974170
80208778
646914578
644384551
752581617
229536236
421923010
975489688
534678062
777696909
509082821
183756192
152952532
123380075
243821038
725968039
335131798
94522240
420395281
154463046
436123391
652883835
692335008
746868630
328560994
728473910
64885044
587346935
270816167
673660254
788795369
992790337
753869032
288226300
637174887
358967002
517762537
59097896
334456689
904956953
689311159
696055864
88713145
694780045
819435940
332534183
273264437
7084091
279572777
693659718
161547137
715696169
346543553
853882145
315081152
527620901
434872409
379966196
114967835
705688576
906142804
756279558
698478913
512528189
44505857
188170153
871495192
414784748
99784404
58468234
172258055
641611917
754524099
260971200
336391962
426476392
446021737
609656399
433560483
725594515
155832471
447623974
293807037
502376024
154022473
608888189
29996924
588894882
841370739
997481114
294583457
747513542
606277025
845578724
112558084
503299236
33748877
984053276
770600339
986049636
42521510
942858394
627661552
797045609
56345947
816569868
76038354
502367684
278742621
509598837
227962198
434575092
957222811
521769235
936951116
111245283
983173778
819464394
552656519
824544516
669461861
847239977
424574411
128255239
545335054
537132496
484070829
431600285
373702125
254671167
417649920
416223635
50045914
897827827
65785597
106391861
714397694
141823951
608759546
993140315
503939142
836721744
280231760
313678307
211007333
69699229
277439944
46697464
889163623
830096464
871241981
411141837
529852794
148332745
391913430
75187847
537981595
875984260
506788133
911683721
130655426
776954407
180423709
33217695
674782233
246209307
139609556
241696281
240549612
748369102
87352949
744488755
437607200
367584710
58167061
648614533
437283939
335607005
695311997
178963916
18219822
419070331
442622107
548072616
419919431
834535538
623260464
957901026
710519797
982564951
869584746
693691577
759519357
50008455
726909272
286817944
148734116
866518829
381030579
389283728
467404284
468383528
133772482
905011484
688484592
44455897
406142370
125768531
232579257
101454367
157248801
250799079
373041052
599870908
798871696
792960483
286922799
274648513
603377863
997442596
257213463
325478962
543650527
869249174
228003771
123076152
8583471
376737887
842111335
389614050
618537970
309515619
857997579
604826806
67043456
398998524
649282704
473185827
377283409
881861961
427156548
534532210
132661039
800197600
986919473
784049089
445674437
273842271
58697601
49052299
123801221
168427418
227047615
519968102
37676592
455051387
643044254
46260063
831789274
337671943
435874114
302843597
647187562
146388046
907670404
714231018
545386570
409469461
39933198
922669980
143847775
467089746
309718543
129025168
119803700
149154369
913074258
565478137
422996641
971771859
467046790
399314216
140199277
694094405
919282318
30392223
1662145
414842925
76652286
833451420
752514868
365042754
136295016
252218783
363947154
896481774
966449802
909333725
305951234
6382999
684520058
449799009
325989100
846754955
578824178
445792800
995909325
344414789
11270936
271422319
168703001
330834080
670736535
161418632
877444839
590018852
191810855
879106985
4861776
120979496
565074758
609892999
338538604
553886128
862111782
702485759
450367902
681077937
464335837
608835490
539977291
1372248
58634499
865966391
848127203
489975031
311759190
844036527
834389820
175546480
115458845
3092820
358896914
638711734
17027807
236341752
81246939
208838662
115448736
86108716
182334512
533039848
548518069
520873117
86925976
410629850
223358875
389810232
91707787
687694712
998645722
484201432
689066960
909796575
350167822
389710516
252287959
514443366
86263397
86677778
689989846
54238596
942286954
48886759
692950331
959314761
137744865
774197270
20669776
105709956
712822340
203004289
638749804
261340408
723877406
578192134
524486613
799752635
968002366
468710754
339963700
966648088
952912186
29030659
728961016
155596361
271257529
981248976
670039727
357520926
920443108
212545926
411759523
715246415
113949039
104709853
527077529
251693904
878907123
547747306
209920214
444245817
603267949
848670019
705586225
179661708
279378506
82589191
979414343
247380872
551299945
319378042
66545313
504212130
200925055
795506329
659808491
472182584
629271658
182364571
829703511
549714766
394910497
93979387
117477534
508859536
198689240
644555064
760553441
930112717
44818723
970473655
374358533
648086672
671660027
932461113
827748380
951038534
15050303
807162722
50935759
566350249
979057118
117481072
923078733
32498526
765503755
435403578
504681110
247291767
617768149
186900974
797006533
12678646
280880361
914484067
521538182
332085955
411555484
134607976
262198672
456374207
957597986
489073559
104460878
481774366
421534671
932209258
285329253
289101329
591888333
336265012
855451578
423461804
306262438
631046664
455960330
924282548
66450241
960641441
171574314
684218391
58768
821097201
549413391
133455484
588097621
70951572
465541439
999653106
58075903
727740111
456027312
15673888
69330024
413004545
349964608
490864695
197730156
635293862
779966024
789618490
971558874
487933955
65596647
130337666
118980619
521556978
54620213
37947214
334714772
78710881
574681959
334773540
899808082
124095349
468229024
340422056
47563276
933770464
340075161
105639179
514026928
648618828
973829422
583356952
61623372
176310383
926738002
259353528
811604245
559220379
901488372
635679473
47154334
967085020
766017139
18651307
488641997
673153706
909114876
823356769
604380941
483796835
10646662
356705376
460408538
331392041
697127432
507971814
117678858
37202593
466127347
631705786
538337775
292473122
67579092
599961147
468783506
994317094
711831029
132904104
406053826
613319401
768583577
305724514
432920774
387117069
176892175
921562771
60270774
86007051
597435893
517168069
422320240
460598909
873873445
882728778
791990950
571000877
243216946
909669808
460719824
709344293
393891948
999057599
854333770
461471040
451535099
175633629
308304487
15882481
308537733
714358313
629201882
77121310
20082827
62122655
464238379
49491356
836201780
377025508
135498407
286154026
894193577
557818647
746752936
620583376
293063779
391260239
44100606
536280725
300930047
504820430
98141371
694821995
356394382
952475141
8809388
660445835
128108769
169630229
676328316
436646503
883988542
158046552
366284167
756587723
72685561
830522546
806079080
908887342
60064407
794093841
47557721
806774339
204428842
646827011
427357714
497492621
38087250
471458320
33773345
191533651
828795104
131914716
886355646
37705839
84389857
747681388
698151674
65014980
917311617
374479989
354177837
653816512
532526541
720462004
262920589
605212103
403500904
68999668
366615798
463565311
715609863
266689873
122856003
920038705
913516885
550213717
417531325
951604135
874188391
303821024
143137785
702983494
435735741
882009785
740689333
372641952
482207526
291357360
290173286
399519142
665837350
644351124
53335653
50880244
364813127
168772596
508608701
768314031
90288618
875224499
84395696
805898482
141914372
207251699
725937186
907947611
609981771
995984866
712068099
484170161
299805889
707722238
39670009
588057984
442248376
632875696
960699936
924455902
924233057
103389576
176491397
442586760
747740700
82343404
493467004
112553826
251116001
2075705
733384212
341404619
729816558
670296262
147303100
724247284
877547961
725756641
484711248
340046085
721741506
196779346
824216247
874063749
904501584
716402610
462121733
199266313
349278305
275338022
123722214
126027715
378727598
300213611
568614475
126468297
382557016
62081479
91538478
633673017
916673539
677439044
975077636
499006450
200251659
974897091
75770088
77799619
700653731
560481336
270362059
274911590
609777037
94578305
1491692
366794974
663497269
463613425
566061288
12775573
591467802
689783502
138803289
970195400
842513468
559934118
949180052
77586837
474531951
893234884
711259854
243721843
423190281
538853843
742728294
623441940
366267287
671014736
553757913
66921017
84012425
824119972
194348961
693789462
771214631
195840654
60584436
287228253
511970433
626645724
152520181
103438234
168945579
143839824
926149989
11459046
703773942
727846394
89045883
178305893
473597631
652822091
422027736
896787912
44192288
17272383
372746205
410459575
688287119
779020472
329896947
772299545
455656798
376762262
318605360
79387782
572602916
379189796
366616036
84573349
858351874
519136217
40527937
27297453
662976041
966677926
891272854
366749982
547040673
832835092
397572229
20638303
338173536
819599966
769942569
234882178
689388703
142688773
645341754
230192176
774225600
827755055
2491720
229882397
204517316
173613434
309270179
629636587
552803231
675886215
566726290
263671458
47538785
607254227
143485265
710514826
426448507
34758119
77264808
973489180
720109565
327353391
846643838
910799455
146953356
616586406
145681633
688858414
611791534
643539741
919050590
238533487
471294795
774058664
468415884
528328465
947672098
630202417
157965051
352991682
158604986
724691341
616663141
206143771
184461922
760148406
916658598
463426783
647422879
846439760
289432316
220048797
173793150
136076153
130848252
173262861
605178914
129046239
862121275
69486801
772585980
633688218
308020288
96397128
407746881
776436172
624725593
207935332
259154942
782690645
560927015
417759928
359898339
177590155
623903700
396876615
937738561
540562297
860303398
437677794
239518410
149735714
657726591
413311560
138328221
788574843
439090775
743507135
917621082
153728403
812993936
542723415
787416621
121014223
639120543
47679855
749966749
263846136
255615188
9121691
899053135
816542203
426881619
111467827
994132358
50785318
508344443
784387272
443863969
368647840
74581419
683382379
370899908
732308011
949210294
509228130
373399207
388301068
252735264
143536643
542029472
65729200
686260058
181962446
39259777
325380601
229642302
789226527
441743091
485257490
650864572
340796225
301799692
77746190
452264052
148448403
981047864
960608495
785352029
277428186
181772689
859933449
813326920
552672597
592241459
762537213
61900726
965640666
3354634
167152345
109177308
397900460
85397899
647953721
579862907
124657676
973334322
809505209
766400557
267593766
294762698
269781482
608389991
449078744
200044027
913170397
597527147
33608244
726295246
235395529
311036430
908067935
95328977
124363349
313256885
540086790
739416916
227673966
358243810
595287905
247342665
319937472
993188365
332740564
967891193
573051271
309914594
793741868
235072833
928831506
61335633
529835531
198612987
522241978
978914275
398657014
435412375
428957775
432265258
14223974
664353305
595818043
922291909
612198636
572697746
88065147
152285426
164631016
168255467
510529236
759918921
415598132
830466708
753107285
748338696
650874255
178674910
910769645
444616122
413747743
839601150
358468110
796099629
890730491
880710088
627530257
141903859
168638816
56488032
574169117
182862790
573357691
22503513
105154698
38072680
595201260
45736200
190358106
759832276
213991667
553403696
519751196
629589800
236386758
125374834
230444849
887261013
156566098
141214493
184393488
570313842
833331997
542861598
218929824
576578842
423571686
846460081
718482701
592210502
755464467
145168171
775073293
181338511
167671685
732744345
219411192
762872945
630996899
409769298
522705220
844988567
963172995
894972770
327094720
52076106
20347603
410055923
939337119
29430056
403786771
123730606
599743898
89635121
666592205
818673722
666213963
942680245
517650156
384696663
387407100
273114623
529864835
14996746
454453134
697536520
747741092
673864326
312925818
231254344
936149979
835631038
76242910
751839327
583120161
255853984
803915433
455984118
665909908
743252551
485414174
69696678
719499511
85158071
11848153
238608069
756348147
678062117
181288313
126514657
62758779
568695414
399629280
445139968
583692160
706598768
995192842
183949605
232979448
308118659
415203950
169129426
996266051
343963214
920968753
579386211
452333553
577400539
35370329
118243460
173169443
373300857
40456492
892668954
310975283
52304645
131277023
67323429
582883116
165081690
46354440
498158250
733777104
445983720
943298218
169985618
5098842
791007414
206451577
238078290
99126072
621655527
407207716
947908478
818135096
180692822
379811042
270468648
758093361
267697725
241228462
931262804
640998583
134201308
676448111
951973866
39022307
807725134
871813649
621905424
972806825
918168090
120063673
559100282
216668163
915878245
581602254
221767005
559402012
788053832
459845295
511044439
262225712
867053011
458952916
80360807
900262187
838763958
203345809
510871901
106461683
444574271
294651058
599976620
431291933
971099170
551950485
470314241
631340657
276280487
944736019
456663835
194448576
917316046
15764117
411116740
685710644
449882725
632883745
245112656
237936556
92729040
756157095
500162269
812298405
67626364
433039430
565076946
758906676
636385240
75948846
717884713
80959510
370599905
317861332
364767798
194215428
722328171
835082039
825556085
998608659
632334411
282219920
45573588
549650456
150500391
456690328
87877453
600383116
942090428
332990109
690836027
887335822
941663558
43514649
552150580
9289921
476554079
117227525
620712952
112939318
45692726
338597664
46415183
416292631
508975351
411182981
610508059
231303521
98781373
288580497
82428533
731115784
570800417
128002122
133282593
573817162
584692450
221160046
26716632
379299231
406666510
717552659
266635052
348330067
761067308
818785633
210136343
237621386
788529512
830849295
203077059
834222238
21963312
249492242
103031222
530938663
513191577
713539281
614758539
611972950
2119778
697187072
195605087
425436549
825189194
181404034
999253712
262397998
402564080
25970343
641697229
809230590
596039356
908332282
10077011
357106663
579634268
72729708
447244403
220680133
903579003
650321462
54902371
778058669
899813704
157933593
161513686
265521634
723989229
776272225
877494584
578625361
473459296
925616025
4061909
151164844
107020058
855831975
413562842
362100493
734318672
55260070
23847436
182874381
816108706
33924447
539981044
248259327
106654155
987225448
468939461
862749512
490063263
523841832
640808181
242393321
534291779
802321867
507914955
258281007
431110445
237925893
836906368
904569741
163541917
693484632
55734584
123078330
401832960
321813780
485178823
988667987
377073851
509026259
171542367
45698910
542950707
564039766
293958238
502121216
403781567
762897699
364870728
893844830
139255884
858195263
136238150
673547663
513033483
644153106
931828671
944143928
882078999
621251392
701230022
898137270
167252377
609480961
21215599
421601692
931294741
506394422
410269678
160884945
15420681
434328399
206583856
410887742
998368165
500542094
913008958
402149731
263439792
130396039
148510915
402695676
988591302
284749065
76243338
354141138
781418525
860588363
298285065
516013877
334356109
999515088
414151147
354124840
461512402
287883100
775726532
392807142
794277523
38512563
553692088
662214558
472840963
760275944
925618654
471209127
113334391
691143965
725875213
376774183
821540005
874386128
631986213
662647660
11651546
560745905
16788798
793070072
273850622
167590217
309083948
608206731
19621658
575751449
962331571
481134060
863634550
590574457
726457557
510428426
629087020
132665998
25159337
101927982
892941942
950777991
425653464
6276332
641921955
151528676
235566869
315978313
25914803
867553082
831142328
37566349
280815340
700447480
683152775
554665962
868037697
992236724
15389046
740175710
420504526
977720618
73826123
284139075
420811428
800283680
794567501
49898447
932949678
819726838
4342784
678407973
623021182
429996248
537200659
117459491
581524924
772767528
433437804
459956081
492836963
117096485
350038784
773652304
817543965
33191559
180834619
538098016
877944637
196223666
278273725
150965516
26460637
352099848
435104592
447272065
4899882
82188446
497170512
937849560
754431639
501513296
616257533
377452820
931509544
5974545
494912311
365550821
778742074
780866470
678023256
124095390
897962955
28062040
750264048
715506920
913769954
931098668
106121289
644230944
127322333
384395014
795196460
153782970
589011216
82817405
601055035
593911098
17522206
950741901
531760658
771953845
304771551
534544
1923018
88797448
6509089
496835330
454348270
637767517
130218153
132371525
761862908
28181107
12949919
364643309
596204381
779236227
295741976
702325670
275983524
275580663
86720683
923696339
429363633
528248254
6513743
882935022
122159351
24035949
833676923
506436363
648506148
138448473
506970907
650429167
79762275
365996351
147264496
534110545
3763867
129999003
518998425
618143129
158180110
384464698
982786439
754384492
16217279
131044768
309226515
144717157
406625432
248463553
68413495
835989065
776711807
927443594
571440441
898871158
803995897
257633717
257823875
452502045
248598544
764794782
102931211
328360819
130791132
102712061
862471365
987071355
85227418
233986143
605214483
243407528
470967195
440517275
850308374
487184474
571562044
159534889
631901632
978187476
407998442
552831481
666692894
37226602
480275074
238133334
936097760
136787325
495767051
46437988
589289370
744365595
811232771
544736935
72726414
794540257
499965350
787714133
634127965
585192768
874216630
91858802
681116650
345183824
532376077
531425024
684884653
103938120
543476267
169302638
82125595
951474709
722134119
601334844
988701311
54925547
839468178
777315424
191712872
187751583
823753413
781002242
784633532
487502537
178255530
709876300
134559147
530737234
350106786
768687113
115930001
224323415
860545915
649563005
422023594
245438345
33504382
106908246
349376466
576980649
276210884
284018415
380971711
998345003
885353259
222189375
53270549
577337791
999504800
97499775
617605728
675774566
878502017
402239259
15793456
909273901
112115559
2868957
440011134
314738699
771556070
408457489
539062115
484618338
58020494
961085709
730056684
91524876
920510309
931949504
521021880
49237546
68484272
901993591
47582548
953837532
124182966
953369453
383691676
976204120
50869227
1297403
504495039
781887599
256053016
520288495
543677853
220684929
523157452
983688988
535423629
147229876
244662830
927002098
484364568
155199678
740604160
66937605
99240909
661114468
998887109
620262789
710352014
67371381
374772733
610450916
873725267
498955699
416336722
109933296
327676172
319722304
111230699
832171211
954126257
219800069
204976059
497804109
293001353
728133512
334009450
828424982
727879742
431188635
607943433
212244309
586388313
348547592
279181915
538145576
862178414
130585377
10924718
425046781
197956758
385697452
35497696
71682024
884653151
304350773
34131674
64845677
476589431
145362373
897016888
430715687
217678797
101992947
781036150
510680150
682642813
115045600
191621485
410522554
398750589
799564918
475283217
985138902
628863
754465132
375800832
862807277
885050510
386725550
140370411
935523622
772423002
28384461
859722001
509592507
332735234
893853675
574438184
809324665
891732403
471455071
92556705
109411199
425964372
873592856
472607703
108607184
841154810
516745542
371646092
92421752
168826813
846929310
77560653
169455676
453910795
305877839
884779307
191477658
692603390
25149717
127001280
465026391
53534178
986723281
974618898
238785767
733093309
401573435
48110431
624825711
873028507
993183492
586753264
151509232
719292701
911877321
260116417
412963864
428622862
631762509
505385616
597449675
331208172
435462623
619421705
785118968
741340463
504201011
976596626
433943852
381867082
103597905
751486597
435401261
942837540
578621849
674187028
528447203
980195284
574813813
5789267
705740144
420513658
592542532
857249377
139806358
356936206
117365793
552770222
785559069
601644656
58155837
235525097
932852829
346134815
854946803
570488150
87475277
211664167
547084775
373935483
593531250
503199035
125422079
881448865
298552928
704043928
408152246
827000131
536755566
982966059
832789399
242495709
255996071
277848284
99745085
395802429
634784490
69627232
801089006
272859912
523788243
711761197
360901364
309157425
57896011
68364520
879645575
145371288
280028687
279246703
371823125
726076291
634962092
497245205
607525155
933515021
53805486
15677400
613031505
590561052
851159814
298337257
685573116
107155884
428701895
637834555
355474667
63486385
559978142
9080026
188862651
83766384
720841224
549764015
245440163
778737235
618128535
977602092
776624878
750673577
109365148
964356
476749867
744327241
498209561
936791377
530358615
404531402
804985131
143390119
995092454
508661298
294243731
533181923
468333536
722945626
171016478
823808204
638948365
730994620
832888230
680327371
667277358
406245807
82607739
765233875
37499396
700736275
742835966
814124274
303926205
852201114
815088630
780676072
449044708
165814545
569983802
979403323
570345947
374968933
975309797
417954754
883630231
122069881
951136678
204480121
845015507
974669510
28288324
336480226
558180483
713692908
16807596
77974194
119938715
99415335
843208069
9954465
652667964
438560388
824078739
956594169
143277855
491683722
589786595
592322564
510014621
12286750
571725886
80360567
387255683
399552036
350831676
123402268
521621917
154484707
327882389
219153778
129154216
208687067
555634004
539851053
774896329
424957954
617825247
747351398
376889643
461033315
757305863
882073962
899593703
433900955
691184484
42871557
925584678
133487432
487710475
288115652
145774183
59436361
220992574
533029866
311504751
571824250
508948488
833126669
578825311
836830877
52280446
560495881
898034298
460430804
100346933
672930627
885388758
718172180
272798378
114794754
31721848
30104241
996868716
783831905
464005196
540569554
679219816
242106227
674056986
166930291
530221880
819831169
78883006
751214454
205377389
390387757
175555057
714325877
76030779
754380368
403673108
128311225
167392602
301707405
588742029
267739535
827154386
326647140
838428069
99952764
293958249
870149917
130057005
143343318
506498175
446578555
683912872
185717990
541201137
357969858
205164635
71423016
30317380
284047641
675153824
235694769
526951753
703225235
950020647
602982532
310121956
353693754
731293758
477514558
507917513
172552140
745254093
335071899
351715635
436198515
287541017
645673884
158864785
270114376
789017202
665362960
716692931
472930074
851080950
110410421
683416286
56245585
34349791
713733666
192809580
709503615
949428436
719761333
265245203
899449082
175260219
575367159
105659189
906553977
52881716
613576702
931622471
650652163
801164955
283338105
86850677
88705971
929011989
245715462
358820347
570545545
911078422
928029633
43475618
614675726
38440053
579408258
523437665
72789845
293141923
568763599
634809814
95086712
141041286
900055018
994535794
316301505
475422176
952711337
75371835
380820247
418804393
6994305
31472409
219969347
142848765
118323087
161191673
71860753
216554903
520012020
494922652
980149680
300558006
390914624
447341759
338998060
970322882
970779424
264304259
115981159
392059376
899114073
211067871
533100662
799169090
58120019
849402167
127107620
10831355
924774002
507927867
429635748
931768308
391916630
502121450
74617072
362756071
663313123
998994180
579310975
35841496
346433186
411977008
336399503
737347810
859318767
675397563
707670692
682614544
939701822
823651851
74673919
691332248
34719721
607774582
343017692
92839740
309693102
470125312
956187451
234467104
830569533
238339552
18751765
222486162
740461002
945885192
585242234
403774124
797395725
17069562
439615621
143828910
429046570
776015124
881176721
140881690
303929040
441363766
823496234
96147215
117531970
898170153
787479463
4768045
358461088
130497154
950124141
668154191
453138820
906311591
755137649
136224706
144651142
773889414
358710869
737628499
572290959
796469457
141402622
369686683
813539019
433534597
366031948
95101942
62066074
99725022
235983632
218511468
541088788
59479865
314658683
511137112
810166372
954654501
515905157
21143814
937668009
318545651
541814359
243323183
77373595
296952007
379547889
74541092
923357775
738258758
812169591
495648733
387244568
806088567
717851770
53299940
92139518
83883717
148401882
154205592
183608739
236901868
372717061
577213881
148898087
539892098
88350992
959064460
494546598
456772504
832724628
284730961
775318155
374538986
528054144
852691751
524007347
907602033
927232843
447365121
498377145
739402433
795530208
885621713
398007353
513381977
938921654
490146871
449782049
87323535
644352464
633390788
176741758
869585879
63121023
325639845
409477976
151472015
137220658
756540929
608244519
969945286
41271889
236079028
197000625
569326033
88770778
721007972
329444419
16003620
20889446
827821564
607922407
816419654
713443277
5929759
182317985
504881284
348592985
632100034
444721173
992945449
118007175
621462931
715047681
181128198
947102777
124525656
332600214
84323434
733582939
793361087
54268720
774854828
29440114
103785699
196697214
118210892
824793672
526141634
986730867
845683118
206479551
447169627
662102772
919922828
305615741
844420757
277320465
654208726
329037144
722041639
499670528
447044319
343504569
67234562
628172518
143123699
44276572
960772732
227447134
777859512
606650172
134232208
405230693
636090287
238017907
601927908
606817533
62811578
980585896
446064754
761011051
187065446
745750735
275630176
959504629
51366475
120050932
236825093
558091555
301604430
958866732
910278437
748648749
154887655
977512999
376821266
298011354
21789571
190110351
377974842
799649083
796760524
512207050
57396129
285367164
602741312
659324037
744701051
518069244
492426286
43282158
279080294
679491733
789032894
554710470
491512715
692915723
527277756
728337808
103523632
828882186
539720894
13802068
430047289
547124903
991315068
806868555
845136257
865620993
849495261
75627453
517786429
498772138
587834503
575182558
784139302
43092168
87022949
381356706
561161413
579449235
424638865
840241707
111457321
213671758
247468531
602970036
906587481
627262641
183824198
10111112
308661181
723545092
876429536
738708470
123186348
720260957
398093378
968322605
585881949
247588638
43950057
103668377
746360776
484300915
531367289
383016431
527393083
618390238
764373138
88554495
197839473
41528356
781312557
309296794
255200114
881297442
912266831
14303948
508560082
96091028
876931416
817221263
672152474
753360951
408446086
795338822
326138261
806539465
616177780
912020210
54128102
512644192
868204941
653005233
849461461
252088583
888538018
229370897
870478822
505427509
170441747
68318294
546955865
951754304
230131442
802155979
685568099
994914627
668976282
46644534
943522009
545907697
863865798
468190836
151785001
124828237
116046011
477923262
931367702
732223792
242459825
838012159
97384337
963181120
343533745
946845798
215269702
232071762
28733048
85748523
737499272
199174795
6583171
136971490
3445452
89230968
939127470
689013551
84145594
460620105
735658086
880183958
6527801
452040237
348374793
10829156
576868474
464420805
341268772
508236176
49160950
583728597
198764688
146545287
399426070
542298433
945907439
614695772
774370195
974640487
552960650
364385820
26331636
412060175
501357311
29777088
353807497
293001134
718790640
290469446
753621239
454448725
170653403
612665394
906488962
371544550
476010904
335873789
835965355
817279676
844109965
737642659
253524626
42874652
736704300
652950696
437689439
535128092
120162821
64575988
362284933
673123471
428961808
388616569
937700001
782835473
418393657
291507497
75836606
137184296
581976943
681974199
444149375
605146700
147155946
203154690
976691251
623166850
539028480
665172959
292962879
235654798
402815618
546487505
131045805
139519917
199438200
568735244
527164364
319601022
633311232
889449297
845240847
62273040
278065865
782940847
697624867
696459522
926964699
625977828
686160173
361457995
160468380
130309547
966604696
307624327
333464238
943295946
783307531
872492718
460985258
76270410
108147515
863800876
622757915
91709674
855837148
674712470
660444919
235517865
994313492
293756150
124967161
692070692
208545544
255549380
327527893
906170412
952008902
254492591
384664593
490685428
615950586
545132973
620994976
435071635
852757300
806975568
230883934
488581185
531984639
691869193
564851595
492648508
408186422
40125863
584358183
116539923
714838333
244803101
352057788
561668178
391075605
477024949
106255224
599621150
732574329
433783117
358307915
537099585
688275708
742972508
27785012
156742647
140621834
501296342
591814283
993379135
160788263
822698217
334476673
692772902
367083763
899328268
185421410
775270186
791970485
769779593
891810109
359325172
867099048
243867897
920993350
258174652
573409200
27248573
710312156
158499883
313548044
68620070
695599468
1823751
664108932
575900834
11082753
804730767
929713531
455413390
650626255
90501793
130627960
985102928
783274696
497711724
736947549
821212460
272981909
381434387
443508406
17308371
740759559
310607453
261176268
514269263
421298459
834585469
394034190
131610615
993085352
707582235
52747039
541201173
561922340
569372326
969618361
573005093
226619446
899331891
28418482
877245701
842350039
11562797
714864982
478141088
509274521
304328884
299353547
782256430
685763271
742861953
799564801
279039184
905985760
913257424
793308447
327284218
600359246
187342636
311411187
445960951
894924871
364158227
987162124
309363565
933530553
809296838
882368658
12666352
561145083
763303495
889912053
403495121
774866292
457293388
881636209
136657166
614138626
33506109
918913596
152418250
628884416
570994750
431457434
534870175
336768527
224765880
714670747
937127773
264624871
26081934
383088723
12066095
242756515
222767200
321429660
28803421
32064038
56314672
41469773
445725475
819618167
931381826
849220596
447000812
241191567
583373158
583657978
855330193
469395621
355087927
7748442
98280036
778599031
291722231
485666565
115367558
516488111
200337311
52495330
781112982
78935599
288100408
793179078
321692114
363383962
114608737
350495535
247964354
23439763
391965308
693689829
843057930
175863487
395426778
142575095
417055054
978799936
578749427
124901600
300711910
933837354
985166398
398991946
564952739
276888628
884658511
680320297
645893093
937512177
585331981
279522429
16447775
725948743
72701506
338139890
89332705
39826597
688635425
337297059
63266361
80600733
30986888
758840645
108980574
278930020
753932095
526035629
110246310
332681521
503453583
410958220
119035229
488619980
809950167
683987968
618024962
547125031
216824618
263918055
337153561
654672953
543440484
353601337
380621696
468658344
544257581
322470755
361001295
85409359
659767814
276784010
18526446
543271056
888141010
127507021
822201077
642073104
653542650
932447387
827270979
9512586
195921960
946306208
498132567
5872126
482810529
116157528
405513512
552151501
232591937
742667073
206824454
628548775
948784764
439962504
97207118
493042344
762433259
310724768
578451704
274717426
440025132
596978150
817988483
328166141
724485171
492705913
822755599
230544174
277669653
650026578
240056761
473591613
448849139
590705682
331980094
784176023
559379564
590009960
336327523
791971502
185193386
395668331
273036630
133978150
835630835
222760103
479536848
598064093
533484871
57988551
872781520
973510003
507483056
543286356
154192498
84484580
888508623
976948097
167545109
18694629
479491028
407601870
492286242
780856522
998307552
676782690
565032544
410203469
266792649
753876421
54691324
451986036
149544752
327727955
438480540
985175587
550488058
918017388
435756034
83972928
828522294
161053907
909999285
188521703
556856617
916708137
273006283
445365239
746172588
440551392
464059868
78179969
700669616
808862464
859036491
551493521
485645154
276585388
961696991
604954157
30461809
16388314
56940192
32522915
344116269
347937086
17698501
894604327
265954474
305970889
831093609
94476767
319541150
593609248
135514824
876397767
362833738
408521107
174279359
109006325
701588854
638339227
187186295
402258469
299718045
46222785
953751991
785363199
175324528
767965335
242833709
205786337
784353649
152290256
238309252
980986273
500227342
108524107
728106953
766181816
267011351
411716916
713174937
586552501
5326163
848689761
462950268
220676255
109727222
637229627
329682581
811316076
128085208
369385230
66090898
427803253
268124369
872359243
65682805
443448897
640324577
308516514
649235234
277194580
460806770
740060840
110697206
961034113
848584948
838804159
579732282
115596298
250521074
145423573
554665153
108363591
846629688
17615420
329039847
956356910
507361402
511238782
620189339
487962964
880624012
538796592
915766217
148748380
411155834
833965376
592197278
903996766
142481889
93948865
33707699
455805014
834009706
144404905
269355480
535111007
983209064
701604116
503223659
86246492
847027689
57888811
194610083
546173731
928020587
376166284
355046994
287898342
887405066
975236334
775861306
768029077
366549279
544143876
769293812
777705113
230625605
214007443
534218232
225623848
307956308
567925931
681428862
994482368
712330836
803300696
382109728
695539900
504904812
885333387
781786392
204448854
795738553
828912829
750622585
576275493
205079113
105669579
716690189
92484178
933422267
345067848
713029610
152487899
889211724
334839775
930193012
119837328
548847218
316927598
197977530
856803526
884853529
879406393
703802248
597184365
535223442
85911975
145240618
40128253
823761717
779543364
97093462
472016623
608456192
700232401
48292115
666051659
658418334
617498658
611052192
444356954
962566506
176598155
596844853
704294583
511437930
379554219
676648265
60285147
696481817
874625795
769605027
581335345
606548541
473407274
31036063
141771983
411835604
28793035
34416590
235597320
808336399
131510052
707613943
269308945
684258808
608422412
935360604
342677141
78437423
546412795
787034096
41003928
723010950
236395302
745298511
86965233
615949521
274463129
147250380
312431337
149088923
916855408
746283037
755637465
242779035
777319100
749925802
654614639
806112136
784342392
742728313
466964888
768368799
302858609
736273833
305143960
911281021
671634437
647821101
989718444
70563585
287371550
883238726
646090890
523766853
481053590
733056123
139716373
755516719
880306504
304664065
904605643
649678265
50947101
512759461
744973654
680782555
115201616
252104647
339411044
899544008
994832960
806375933
520429160
297691569
395166119
825573120
61488943
66800555
325910575
903723742
989880496
465798479
786962467
635971385
989565332
120532411
221543861
981798060
876049130
101850364
138978478
633171126
604044983
42441933
145930586
201534991
575740842
113648556
453639638
915151887
13192564
448472597
574044173
386138078
598680520
969210292
64227552
660169464
888527202
242654481
416409559
730924051
708452960
55888379
219411789
550534646
176420790
440955650
384849059
52469920
395322369
523827537
685641046
999367352
418785824
684087987
53418696
994526666
797736543
507058334
762194906
663445461
955530932
188755432
902099894
406727805
10482078
966327446
66897268
899009280
61498280
335823181
482449684
769951240
391711561
701861473
320485885
568132351
142817122
705334944
620602271
538139491
81678834
158759671
390023197
500464658
695364012
443441893
347507678
345616908
950500228
109702583
9062369
758547513
298458016
763678617
17791671
308940094
582522416
84688940
60465727
644020696
273028475
542915411
413971935
664740036
97293237
586974175
232872387
240110359
144825472
705991012
630766205
226504307
864750683
20789401
579485319
412631048
316747648
926992997
758247957
119764229
36695580
619826680
730828096
187669950
383505296
748619768
349126398
966027712
685825062
409592125
462564761
958853537
805023890
876536696
623593573
902317127
316027224
708982314
142427485
460852697
414973325
625710044
687357004
132240362
499015799
119358676
544871410
815763448
46351673
155635720
788044031
935563608
775462400
518872127
123233557
11484049
120008248
324876309
977511761
805833310
734468434
292592875
764686846
392008677
21645925
240796772
294325803
337673149
949779086
289269642
798525846
217268765
914979687
338399203
202025481
266511839
457757880
746896891
82275286
504109553
902532612
722835672
292189514
530511365
94224152
267939425
541995415
214232400
592815734
372023529
20065709
179800521
664616405
637268909
571809198
686262330
878065682
866135001
23935478
680361121
7920996
822461325
750146240
775417037
13376881
952171721
41928876
471134761
551584966
976720517
975244314
306633931
699556188
119950181
837145296
793780340
387889606
379140710
8012739
980705340
751164240
880594803
160505860
268296998
517863712
732315058
954559328
248445747
450966412
978494806
781323222
311403763
653472484
531469462
86820799
666849366
336157536
128749675
137984126
887742502
957986547
965744795
194376432
510059088
85694975
31521728
156355782
326100936
263178792
16884875
306806275
866859386
897479679
319828490
135156383
267859744
52143547
89715710
516305491
355626314
920726871
150145066
667030077
426715708
681614528
606367230
946081428
17772064
587633260
936581909
758030920
545619806
754843057
952407353
55678893
693054386
836445435
64551029
19155321
952140581
81435905
178477951
818999967
978915584
498306441
806672704
246775327
402966342
748904769
615597172
758592656
522147993
765742238
278139086
948863701
299873120
884506317
747461483
170161538
324655930
684043391
928192458
870275736
291402801
733116164
778470983
984457187
422077952
843022013
3612508
374218533
924457918
34606813
45734853
755889855
532913254
852407557
2665181
935879596
453828679
470778707
546988606
975976672
236520944
825127692
777356727
536394064
562150362
524818209
706555602
886806292
61377953
487264414
609598381
352780754
220380577
240585718
189754294
642458530
936124085
45883156
869193417
713098356
80489969
914928270
468988210
613403223
619852180
324169745
549282819
73680859
794948452
96271424
902173885
883985750
773915470
679530611
272896168
188582186
56865173
979451770
927904832
118243126
319232537
390019567
323540234
539613115
630605285
513294529
34587998
419245723
559177685
903781415
132344078
639667655
671226038
453848642
105587231
143594571
778018387
654870050
69791784
425483192
603657828
971965670
161985295
230089652
504012634
434881463
271188192
413394162
266849587
199093023
384153642
586082124
589112590
707693877
125695238
72234228
73504759
12799590
491479951
485198798
769097359
476340383
124866452
292839750
930189025
82970038
436434322
560723765
737840088
358742460
986206957
194014270
183224483
708606
276620276
687237118
435590069
547808468
100631279
702439656
746901491
337301275
288521780
188530435
44995151
266733372
113281017
971016265
132049317
604760969
456215063
901146676
81101351
433597869
193986426
863806731
516567907
482937102
424530495
106924349
841679562
263253806
153454973
24904045
263962412
430075249
564657517
699552481
977883717
517805150
254508491
577301561
855106425
543030271
765831996
752617931
662279997
879113014
723634195
794329314
336390336
32365611
695475990
270008041
318479835
741978770
133814771
835047742
224915871
410861621
794488445
66595432
526631781
947943418
944015832
790594193
378018666
508673348
342663027
208418736
26478497
597171518
785720298
734101277
992718143
404068647
486719207
654998140
135698014
62869755
301843807
472088350
95235367
997319797
594612746
266231556
591814920
580943871
101279297
816730791
991805492
748284097
735842578
370953626
696227514
532374763
14064172
926762535
41048111
356727200
135181270
920042963
806415072
920901568
506660593
799133215
177486569
993379800
306647708
313184583
908765910
608491515
785272934
856517631
458327666
232402033
122749186
50142585
813345904
76544837
719389731
657667750
824828934
307748662
28621375
373572802
840123425
42685548
152851690
733687890
251929102
288032960
506247207
58344173
61450882
12907799
709993742
238937451
858803954
16641449
552122034
620086217
477649319
189911321
476603847
788493339
422313354
451869387
691152278
88175612
528414224
263058362
745843362
205759512
570807024
774464737
431848668
263446803
669666639
584700358
849651047
921595741
872733318
208414607
979939915
786700554
73838761
542450010
25638004
932642715
411607814
430276393
405245285
889257133
472704068
881849132
530266825
895017423
186234872
221419102
983193035
714649096
484477465
581552750
772924962
907800843
208533840
204773629
23763999
878200480
789473987
873415047
799796220
514723659
81829653
632252488
153940566
155668414
27218852
32094925
940827483
438826666
462371318
346072767
180600152
935075386
80438252
710866977
682609162
266673124
932286079
518318550
833838575
269279897
99871299
606763536
29597094
160921494
664053520
53361093
39121973
306043860
926776140
691434547
820767519
8605793
176203389
974708086
16790561
203422241
6803010
957618045
642248907
321690682
156207165
822849059
109282421
89161772
533716035
644407938
355834896
318518467
15242841
42189824
440314719
115114141
648953361
469911813
128551989
165523234
523272906
167673962
471567094
450049046
859108509
144850967
311171193
35311897
119559052
180478108
91250492
978878417
138096152
733499399
153085452
146819672
556348457
114884227
235981444
942580846
759292165
444332694
113615667
774535007
486522519
553930386
742165502
135475879
23842198
870717491
153515467
547115104
38391452
625082561
849680504
750016315
769933528
13368050
637844567
742008934
193846159
729095059
573403704
184458665
315110812
726489156
331278337
871459269
841373384
419776135
666556469
453181902
864108830
780172136
227716908
350631348
334102521
969882410
338623581
210461073
693116254
492139048
757576177
584024060
117221608
459773035
186556729
739671491
473141085
824401296
481680424
666987244
406012708
55084128
851445910
721123520
634089638
35240600
445099143
327979375
455016736
111655611
781161278
319125565
744344101
861394540
522273267
78446621
683793304
860896848
141424048
376909557
205552249
899000225
960933618
175290211
211289613
6700
914961702
684430699
824407996
249158480
351417942
82937057
156758962
55380205
656576932
643364954
90620806
101676074
971344330
545637542
65848039
605021961
864763107
662708494
318932854
239552727
593671469
2726157
100449574
735095517
232152069
158518177
486612095
45602040
186324742
697901709
45608740
101286444
382332407
870016736
202961278
586266703
805470147
212236594
641646909
462047078
855601548
732267715
416239506
679462231
277905256
334603899
137000545
995184717
997312393
455933400
234737443
443500215
458659557
187703371
178595731
690811626
198737902
665207827
736413666
385062644
215625889
782022406
338865442
597958296
504555495
541826720
36741352
162541996
754063314
678388261
624589074
462181216
410655975
893344935
141643446
541077585
80465187
278643992
536262301
77777580
734577392
623516098
373794149
45753302
811219469
552389881
589081283
9957370
70114061
178011302
247536369
285739950
960033709
586401811
736214600
317105557
128228531
772955952
479647553
734808199
451344213
956752982
49505768
714516542
850097916
191149215
255594127
930563103
322309561
644372782
860857037
56886952
267888880
87167540
955156609
931624703
639557421
544237891
794098428
562187836
722249194
41634796
847927786
534799256
628036607
436658739
704421167
608781492
209614690
36585074
196106045
513475257
993338056
245611813
227991799
695952325
289277382
336102280
479031781
611586943
980475062
192405172
520990249
100880295
279572712
476146858
32504998
919130133
872901103
826603426
333834322
447666650
720754576
34278461
982465906
201307536
470937200
539403427
810089029
680551890
575988501
858711428
46543501
569326556
104323240
274535300
117795234
246116977
610637580
596827015
857703920
443628995
789232187
378694169
544509291
68804898
707357381
577014289
840451385
580258483
256134068
174285706
27925133
976888644
208564167
862907393
30712533
679501367
254827173
840801562
212569611
830815674
552029343
259113112
252658583
508868938
386164766
370453817
754985915
996802346
967280833
612689834
292947694
756513019
843900357
837456985
677834272
551257737
266987627
518285656
984032575
523121695
545087717
864474062
352526692
753651884
579897808
383239226
285669605
834724982
76557141
350755570
665540655
628586485
609868682
918199239
137455422
996033448
141169409
744957691
845352147
108450241
210163878
138299840
717479615
54064235
828273180
395313886
457838326
95260806
766115896
441870900
470898856
311203612
158861315
823425548
917371851
738759124
59181127
55557809
573484105
135738269
406313379
91541113
616841108
16182060
862256706
606812884
864731862
3426115
204286928
562600362
111876356
414450806
553416556
681872325
468515041
234206089
77186210
926353368
329466896
695818461
220740621
800365752
7022072
379601937
476307653
776910277
118361060
388005135
832468086
544361519
376259758
238781464
488418986
993100866
107479878
350675692
452430103
824728094
206618161
656717031
239844809
171010871
71167836
793261366
852883197
392199232
27467454
782585761
171068953
209450704
478404221
244325928
862332810
337942648
623927865
191156817
114852924
594805279
579161952
799837365
991683152
955421710
38618828
480102138
801038929
998615062
683294184
105985385
823343155
889912345
762702416
63187964
60923215
686386606
708965684
913806412
931102192
588949492
548908527
102171144
650916551
27312747
199013427
513249360
217771749
822941292
704406177
185141028
270262925
136084482
984978393
114462430
91506191
876113575
594564568
892545120
727244990
130375105
998530505
403104499
20287449
613749274
318808817
81210665
152652234
27774500
847533431
83754425
469240346
248958311
38441924
120156896
128787413
89971705
485922611
346559162
912912997
42845141
384216544
35692275
178929624
221711290
150154706
122952169
97824865
597235628
15497289
677586209
727610734
866544148
80690707
747898183
332809776
399499524
681625202
337978364
279790378
381674987
274249143
601547079
630633298
165207421
574220329
759420711
255179126
60142939
958496228
20608477
955504436
342712771
56300752
134434059
564424062
58971812
109902582
514765281
656207441
125399871
44867843
383818174
844460374
125558551
984232711
29786503
377574429
518374267
367764867
657364808
900049254
642014010
111428240
383198905
807221432
685648569
995135971
62400557
598307863
953632198
83009034
553812298
148861322
991826142
540762711
565801738
50797953
650665293
80567018
707005394
628581519
125434862
943339922
325558246
103509767
927572633
207861103
481084196
298463253
575625970
990965358
51028860
70156333
102393597
434227765
729894119
788042167
281880089
644811031
238866383
88028640
580336419
792678681
236889963
572162560
185957745
802691701
475476868
689139392
735775074
34998615
170237264
713726290
978338538
495795510
669752411
758427524
703656613
3352960
56890776
131798936
994318319
107919636
54471624
96711915
394663755
