10
15
-5299 -2198 -4617 -6383 -9375 -8998 -9069 -7485 -8060 -9939 -8215 -3489 -9351 -4477 -320
3
-2671 -9747 -74
3
-1062 -6417 -3706
2
-4825 -5279
20
-3267 -5365 -9699 -8230 -514 -6812 -1096 -3152 -3333 -3293 -6106 -6315 -1792 -7615 -4572 -4768 -696 -4843 -6157 -699
19
-2021 -6110 0 -4326 -2346 -7185 -2594 -8908 -1099 -9808 -5176 -1511 -1767 -9810 -540 -1389 -7420 -2057 -7544
12
0 -6331 -229 -1856 -6735 -992 -4653 -5783 -8991 -8358 -1370 -3395
12
-6033 0 -5018 -2297 -2044 -1030 -3134 -9179 -1269 -8232 -9559 -4211
5
-8557 0 -3815 -6486 -4530
20
-5088 0 -5248 -1538 -9476 -8066 -9464 -2082 -9077 -9296 -7476 -2934 -587 -3601 -9556 -6630 -83 -528 -3492 -837
