10
5
-4958 -6727 -6664 -4223 -6583
16
-7795 -2480 -4218 -5031 -7062 -5589 -3231 -4676 -7944 -2750 -6350 -5034 -6924 -4802 -5962 -3552
3
-9099 -2537 -6960
10
-3075 -1606 -4889 -2539 -534 -1666 -9064 -3066 -2917 -7129
11
-8588 -6306 -8244 -6520 -9552 -7854 -1061 -1641 -1357 -4260 -6210
5
0 -4377 -8456 -7628 -1918
3
-7849 0 -8994
5
-8058 -4039 -599 -4510 0
12
-6898 -5168 -8139 -4328 -1214 -4768 -1447 -4970 0 -5502 -2228 -7837
20
-4526 -3575 -8643 -272 -8368 -3459 -1161 -1587 -3669 -7975 -57 0 -2807 -8468 -2180 -6588 -2711 -6071 -3032 -3425
