10
12
-6493 -535 -3399 -5502 -6192 -8758 -5049 -6187 -4638 -5250 -3559 -6721
13
-1317 -7736 -2875 -8272 -6206 -7838 -7209 -556 -1084 -3483 -3469 -967 -7586
6
-6420 -1949 -1940 -1485 -1638 -2504
20
-799 -4643 -309 -8379 -860 -6925 -9448 -8341 -9907 -746 -3322 -2988 -406 -7615 -5859 -5900 -8211 -8487 -5708 -8673
16
-1355 -3952 -9263 -9590 -1694 -2144 -451 -1761 -1795 -4784 -571 -3693 -3852 -3801 -9634 -9487
20
-2827 -1258 -823 -9862 -9618 -9476 -5317 -900 -8396 -1317 -9080 -3320 -8475 -4679 -7519 -4257 -7878 0 -6597 -5833
7
-268 -1979 -2069 -6149 -3024 -3720 0
17
-9735 -372 -6047 -7459 -2859 -6103 -5339 -6921 -9927 -7713 -5348 -5629 -1415 -8905 0 -4318 -3091
8
-4724 -1121 -8282 -7338 0 -6709 -5384 -2362
20
-3746 -5791 -1705 -6296 -5363 -6889 -1788 0 -1123 -5148 -872 -4206 -5292 -6177 -9495 -986 -334 -830 -8344 -2567
