10
6
-2104 -5281 -4668 -1225 -4110 -5482
5
-3691 -4648 -5533 -7055 -4181
16
-8865 -4595 -8458 -8845 -9271 -9271 -2004 -3063 -9013 -1880 -5082 -5328 -2623 -5698 -7632 -6315
6
-5431 -2642 -1370 -8521 -9399 -8455
3
-5467 -6691 -6109
20
-9782 -5241 -863 -1828 -7056 -4654 -6491 0 -6753 -3165 -3276 -1553 -3310 -4668 -1195 -8494 -2883 -1799 -3477 -4440
14
0 -1812 -7083 -2213 -4190 -5865 -8093 -4454 -4858 -1558 -3140 -2123 -407 -1104
2
0 -7962
19
-7201 -99 0 -3091 -3543 -5446 -4465 -1759 -155 -6678 -2335 -278 -1362 -7655 -1872 -2544 -4728 -2499 -7987
20
-4094 -5043 -2486 -6573 -5992 -7904 -2086 -4964 -2288 -8554 -2471 -5570 -2267 -2712 0 -2947 -1458 -4399 -2196 -9255
