10
14
-1973 9746 696 -1724 -7898 1353 -7360 8494 -4966 6871 -6929 -1793 8010 -6839
19
-4052 -4574 6537 7392 -8423 -2825 -1495 -4158 3064 -4162 -8414 -2754 -1829 7242 -2216 6206 -416 -8822 -9226
5
4965 -3822 -8409 6090 -1473
7
1265 4523 -4598 -6374 -7657 4630 -5495
4
9414 7905 2603 6958
9
4745 -1919 1856 -9942 -9347 2214 9147 7482 1292
19
1 -1446 -594 -9525 -5595 -5878 -2415 9441 7312 -4474 -5336 9023 1399 8807 316 -9247 -1814 699 8560
1
-2403
8
2496 6064 5702 946 -9016 -288 -7249 -1107
20
-5873 8908 -1931 335 9406 9042 -5012 -8309 -6228 -1284 -9488 9387 7689 8431 3788 1427 -774 9884 -2626 -5288
