10
1
2708
18
2971 -3867 -2369 8237 7604 1703 -9408 -1604 9702 -3901 8711 4671 -5381 -3005 4209 -6769 -3207 8896
6
2380 5996 -3626 -224 -8131 9091
18
-9498 -9827 -3526 7899 -7369 -6305 -7337 8716 -9673 -9659 3777 2190 -1171 -1956 8185 8220 9420 -4044
2
-4346 4505
20
6074 1773 -981 27 8157 9105 -8221 -3531 -8969 6179 -6209 6824 -8138 -746 -5167 505 -2436 4077 -9717 -7403
8
4628 -7201 8415 -8505 -9658 1110 -5233 -113
15
469 1121 -744 9901 872 7608 8792 829 7781 3797 -7409 -3620 568 3145 -479
14
-8864 5249 -30 -4005 -8331 -8856 -9600 1551 7580 -2210 -6105 9353 4803 -721
20
1019 2145 -5424 6004 -6681 670 -2962 2432 -3962 9928 5442 2020 4231 2220 7101 1548 9858 9130 7562 -75
