10
2
-6002 -5326
10
-7832 -9101 1607 7388 4826 6561 1714 3096 6971 7312
14
4783 8780 -3393 -963 -6462 617 9592 -777 3407 6928 3256 -1358 1689 -3571
20
1983 -5151 -1596 3099 9473 2828 -2628 970 -6770 7313 9035 -1796 -3126 4670 -123 -8937 6314 8689 -2273 451
8
9481 6197 6330 -8889 -2940 -7067 -5673 5350
12
-4727 -7989 -8897 7658 -9695 6394 7 3273 -11 4663 1005 -3275
16
-9706 3801 -6900 9519 -3503 -2058 -9928 -2400 -5805 -8984 3718 -2765 13 7352 6345 -8641
2
4126 -2821
3
-6869 -1293 -2601
20
-3596 -2448 -4313 2915 -8821 -1976 5852 -96 308 6547 7413 -8287 -9649 4770 -3074 -7863 -5527 -7831 -872 8259
