10
18
-8137 -9190 -4077 3103 -8070 5184 -2695 -2658 -9645 -6533 1296 -9310 -892 -6566 -7850 6854 -8094 -6096
16
-742 -9859 -7902 -5949 8885 4976 2495 -6501 1879 4503 -5200 -3116 8093 2967 6756 -6178
18
3670 -4395 7348 8121 -772 7751 -2728 6338 1706 918 -9490 3886 2023 7881 -7879 3495 8817 350
7
-114 -5233 -4347 2246 -2115 9432 -9275
11
-6325 3350 -1865 -5091 -8662 9275 8621 9271 -8545 -8580 -4914
4
-8767 9305 9796 5058
16
-3464 -7527 -3669 8678 8677 4734 8133 -5705 -5858 5029 3467 -3442 -8386 -2528 -1944 -6186
14
5542 -9503 -6297 2004 4903 -7956 -22 -5243 -8963 9595 1083 7571 1539 6425
8
-1390 -9060 4227 4720 1547 6158 2768 -4080
20
4255 -225 -3610 -876 -9705 61 -1524 -989 6404 -4673 -3708 -3361 3388 -2017 -1514 -8381 4195 -107 -2702 -159
